theta =

  -3.6308
   1.1664

theta =

  -3.6312
   1.1665

theta =

  -3.6317
   1.1665

theta =

  -3.6322
   1.1666

theta =

  -3.6327
   1.1666

theta =

  -3.6331
   1.1666

theta =

  -3.6336
   1.1667

theta =

  -3.6341
   1.1667

theta =

  -3.6346
   1.1668

theta =

  -3.6350
   1.1668

theta =

  -3.6355
   1.1669

theta =

  -3.6360
   1.1669

theta =

  -3.6364
   1.1670

theta =

  -3.6369
   1.1670

theta =

  -3.6374
   1.1671

theta =

  -3.6378
   1.1671

theta =

  -3.6383
   1.1672

theta =

  -3.6388
   1.1672

theta =

  -3.6392
   1.1673

theta =

  -3.6397
   1.1673

theta =

  -3.6402
   1.1674

theta =

  -3.6406
   1.1674

theta =

  -3.6411
   1.1674

theta =

  -3.6415
   1.1675

theta =

  -3.6420
   1.1675

theta =

  -3.6425
   1.1676

theta =

  -3.6429
   1.1676

theta =

  -3.6434
   1.1677

theta =

  -3.6438
   1.1677

theta =

  -3.6443
   1.1678

theta =

  -3.6447
   1.1678

theta =

  -3.6452
   1.1679

theta =

  -3.6456
   1.1679

theta =

  -3.6461
   1.1679

theta =

  -3.6465
   1.1680

theta =

  -3.6470
   1.1680

theta =

  -3.6474
   1.1681

theta =

  -3.6479
   1.1681

theta =

  -3.6483
   1.1682

theta =

  -3.6488
   1.1682

theta =

  -3.6492
   1.1683

theta =

  -3.6497
   1.1683

theta =

  -3.6501
   1.1684

theta =

  -3.6506
   1.1684

theta =

  -3.6510
   1.1684

theta =

  -3.6514
   1.1685

theta =

  -3.6519
   1.1685

theta =

  -3.6523
   1.1686

theta =

  -3.6528
   1.1686

theta =

  -3.6532
   1.1687

theta =

  -3.6536
   1.1687

theta =

  -3.6541
   1.1688

theta =

  -3.6545
   1.1688

theta =

  -3.6549
   1.1688

theta =

  -3.6554
   1.1689

theta =

  -3.6558
   1.1689

theta =

  -3.6562
   1.1690

theta =

  -3.6567
   1.1690

theta =

  -3.6571
   1.1691

theta =

  -3.6575
   1.1691

theta =

  -3.6580
   1.1691

theta =

  -3.6584
   1.1692

theta =

  -3.6588
   1.1692

theta =

  -3.6592
   1.1693

theta =

  -3.6597
   1.1693

theta =

  -3.6601
   1.1694

theta =

  -3.6605
   1.1694

theta =

  -3.6609
   1.1694

theta =

  -3.6614
   1.1695

theta =

  -3.6618
   1.1695

theta =

  -3.6622
   1.1696

theta =

  -3.6626
   1.1696

theta =

  -3.6631
   1.1697

theta =

  -3.6635
   1.1697

theta =

  -3.6639
   1.1697

theta =

  -3.6643
   1.1698

theta =

  -3.6647
   1.1698

theta =

  -3.6651
   1.1699

theta =

  -3.6656
   1.1699

theta =

  -3.6660
   1.1699

theta =

  -3.6664
   1.1700

theta =

  -3.6668
   1.1700

theta =

  -3.6672
   1.1701

theta =

  -3.6676
   1.1701

theta =

  -3.6680
   1.1702

theta =

  -3.6684
   1.1702

theta =

  -3.6689
   1.1702

theta =

  -3.6693
   1.1703

theta =

  -3.6697
   1.1703

theta =

  -3.6701
   1.1704

theta =

  -3.6705
   1.1704

theta =

  -3.6709
   1.1704

theta =

  -3.6713
   1.1705

theta =

  -3.6717
   1.1705

theta =

  -3.6721
   1.1706

theta =

  -3.6725
   1.1706

theta =

  -3.6729
   1.1706

theta =

  -3.6733
   1.1707

theta =

  -3.6737
   1.1707

theta =

  -3.6741
   1.1708

theta =

  -3.6745
   1.1708

theta =

  -3.6749
   1.1708

theta =

  -3.6753
   1.1709

theta =

  -3.6757
   1.1709

theta =

  -3.6761
   1.1710

theta =

  -3.6765
   1.1710

theta =

  -3.6769
   1.1710

theta =

  -3.6773
   1.1711

theta =

  -3.6777
   1.1711

theta =

  -3.6781
   1.1712

theta =

  -3.6785
   1.1712

theta =

  -3.6789
   1.1712

theta =

  -3.6793
   1.1713

theta =

  -3.6796
   1.1713

theta =

  -3.6800
   1.1714

theta =

  -3.6804
   1.1714

theta =

  -3.6808
   1.1714

theta =

  -3.6812
   1.1715

theta =

  -3.6816
   1.1715

theta =

  -3.6820
   1.1716

theta =

  -3.6824
   1.1716

theta =

  -3.6827
   1.1716

theta =

  -3.6831
   1.1717

theta =

  -3.6835
   1.1717

theta =

  -3.6839
   1.1717

theta =

  -3.6843
   1.1718

theta =

  -3.6847
   1.1718

theta =

  -3.6850
   1.1719

theta =

  -3.6854
   1.1719

theta =

  -3.6858
   1.1719

theta =

  -3.6862
   1.1720

theta =

  -3.6866
   1.1720

theta =

  -3.6869
   1.1721

theta =

  -3.6873
   1.1721

theta =

  -3.6877
   1.1721

theta =

  -3.6881
   1.1722

theta =

  -3.6884
   1.1722

theta =

  -3.6888
   1.1722

theta =

  -3.6892
   1.1723

theta =

  -3.6896
   1.1723

theta =

  -3.6899
   1.1724

theta =

  -3.6903
   1.1724

theta =

  -3.6907
   1.1724

theta =

  -3.6910
   1.1725

theta =

  -3.6914
   1.1725

theta =

  -3.6918
   1.1725

theta =

  -3.6921
   1.1726

theta =

  -3.6925
   1.1726

theta =

  -3.6929
   1.1726

theta =

  -3.6932
   1.1727

theta =

  -3.6936
   1.1727

theta =

  -3.6940
   1.1728

theta =

  -3.6943
   1.1728

theta =

  -3.6947
   1.1728

theta =

  -3.6951
   1.1729

theta =

  -3.6954
   1.1729

theta =

  -3.6958
   1.1729

theta =

  -3.6961
   1.1730

theta =

  -3.6965
   1.1730

theta =

  -3.6969
   1.1731

theta =

  -3.6972
   1.1731

theta =

  -3.6976
   1.1731

theta =

  -3.6979
   1.1732

theta =

  -3.6983
   1.1732

theta =

  -3.6986
   1.1732

theta =

  -3.6990
   1.1733

theta =

  -3.6994
   1.1733

theta =

  -3.6997
   1.1733

theta =

  -3.7001
   1.1734

theta =

  -3.7004
   1.1734

theta =

  -3.7008
   1.1734

theta =

  -3.7011
   1.1735

theta =

  -3.7015
   1.1735

theta =

  -3.7018
   1.1735

theta =

  -3.7022
   1.1736

theta =

  -3.7025
   1.1736

theta =

  -3.7029
   1.1737

theta =

  -3.7032
   1.1737

theta =

  -3.7036
   1.1737

theta =

  -3.7039
   1.1738

theta =

  -3.7043
   1.1738

theta =

  -3.7046
   1.1738

theta =

  -3.7049
   1.1739

theta =

  -3.7053
   1.1739

theta =

  -3.7056
   1.1739

theta =

  -3.7060
   1.1740

theta =

  -3.7063
   1.1740

theta =

  -3.7067
   1.1740

theta =

  -3.7070
   1.1741

theta =

  -3.7073
   1.1741

theta =

  -3.7077
   1.1741

theta =

  -3.7080
   1.1742

theta =

  -3.7084
   1.1742

theta =

  -3.7087
   1.1742

theta =

  -3.7090
   1.1743

theta =

  -3.7094
   1.1743

theta =

  -3.7097
   1.1743

theta =

  -3.7100
   1.1744

theta =

  -3.7104
   1.1744

theta =

  -3.7107
   1.1744

theta =

  -3.7110
   1.1745

theta =

  -3.7114
   1.1745

theta =

  -3.7117
   1.1745

theta =

  -3.7120
   1.1746

theta =

  -3.7124
   1.1746

theta =

  -3.7127
   1.1746

theta =

  -3.7130
   1.1747

theta =

  -3.7134
   1.1747

theta =

  -3.7137
   1.1747

theta =

  -3.7140
   1.1748

theta =

  -3.7143
   1.1748

theta =

  -3.7147
   1.1748

theta =

  -3.7150
   1.1749

theta =

  -3.7153
   1.1749

theta =

  -3.7157
   1.1749

theta =

  -3.7160
   1.1750

theta =

  -3.7163
   1.1750

theta =

  -3.7166
   1.1750

theta =

  -3.7169
   1.1751

theta =

  -3.7173
   1.1751

theta =

  -3.7176
   1.1751

theta =

  -3.7179
   1.1752

theta =

  -3.7182
   1.1752

theta =

  -3.7186
   1.1752

theta =

  -3.7189
   1.1753

theta =

  -3.7192
   1.1753

theta =

  -3.7195
   1.1753

theta =

  -3.7198
   1.1754

theta =

  -3.7201
   1.1754

theta =

  -3.7205
   1.1754

theta =

  -3.7208
   1.1755

theta =

  -3.7211
   1.1755

theta =

  -3.7214
   1.1755

theta =

  -3.7217
   1.1755

theta =

  -3.7220
   1.1756

theta =

  -3.7224
   1.1756

theta =

  -3.7227
   1.1756

theta =

  -3.7230
   1.1757

theta =

  -3.7233
   1.1757

theta =

  -3.7236
   1.1757

theta =

  -3.7239
   1.1758

theta =

  -3.7242
   1.1758

theta =

  -3.7245
   1.1758

theta =

  -3.7248
   1.1759

theta =

  -3.7251
   1.1759

theta =

  -3.7255
   1.1759

theta =

  -3.7258
   1.1760

theta =

  -3.7261
   1.1760

theta =

  -3.7264
   1.1760

theta =

  -3.7267
   1.1760

theta =

  -3.7270
   1.1761

theta =

  -3.7273
   1.1761

theta =

  -3.7276
   1.1761

theta =

  -3.7279
   1.1762

theta =

  -3.7282
   1.1762

theta =

  -3.7285
   1.1762

theta =

  -3.7288
   1.1763

theta =

  -3.7291
   1.1763

theta =

  -3.7294
   1.1763

theta =

  -3.7297
   1.1763

theta =

  -3.7300
   1.1764

theta =

  -3.7303
   1.1764

theta =

  -3.7306
   1.1764

theta =

  -3.7309
   1.1765

theta =

  -3.7312
   1.1765

theta =

  -3.7315
   1.1765

